{
 "cells": [
  {
   "cell_type": "markdown",
   "metadata": {},
   "source": [
    "# K Nearest Neighbors classification walkthrough\n",
    "\n",
    "In this notebook we are going to look at how the kNN algorithm classifies malignant vs. benign tumor category in the Wisconsin breast cancer dataset."
   ]
  },
  {
   "cell_type": "markdown",
   "metadata": {},
   "source": [
    "## 1. Import necessary packages:"
   ]
  },
  {
   "cell_type": "code",
   "execution_count": 1,
   "metadata": {
    "collapsed": false
   },
   "outputs": [],
   "source": [
    "import matplotlib.pyplot as plt\n",
    "import numpy as np\n",
    "import pandas as pd\n",
    "%matplotlib inline\n",
    "\n",
    "# seaborn is a nice package for plotting, but you have to use pip to install\n",
    "import seaborn as sns\n",
    "\n",
    "from sklearn.neighbors import KNeighborsClassifier"
   ]
  },
  {
   "cell_type": "markdown",
   "metadata": {},
   "source": [
    "## 2. Load in the dataset\n",
    "\n",
    "Path is provided."
   ]
  },
  {
   "cell_type": "code",
   "execution_count": 2,
   "metadata": {
    "collapsed": true
   },
   "outputs": [],
   "source": [
    "bcw = pd.read_csv('../assets/datasets/wdbc.data', header=None, index_col=None)"
   ]
  },
  {
   "cell_type": "markdown",
   "metadata": {},
   "source": [
    "### 2.2 Assign the columns\n",
    "\n",
    "The attributes below will be the columns of the dataset.\n",
    "\n",
    "      Attribute                     \n",
    "   --------------------------------------------\n",
    "   1. Sample code number [subject ID]\n",
    "   2. Class\n",
    "   3. Cell nucleus mean radius\n",
    "   4. Cell nucleus SE radius\n",
    "   5. Cell nucleus worst radius\n",
    "   6. Texture mean\n",
    "   7. Texture SE\n",
    "   8. Texture worst\n",
    "   9. Perimeter mean\n",
    "   10. Perimeter SE\n",
    "   11. Perimeter worst\n",
    "   12. Area mean\n",
    "   13. Area SE\n",
    "   14. Area worst\n",
    "   15. Smoothness mean\n",
    "   16. Smoothness SE\n",
    "   17. Smoothness worst\n",
    "   18. Compactness mean\n",
    "   19. Compactness SE\n",
    "   20. Compactness worst\n",
    "   21. Concavity mean\n",
    "   22. Concavity SE\n",
    "   23. Concavity worst\n",
    "   24. Concave points mean\n",
    "   25. Concave points SE\n",
    "   26. Concave points worst\n",
    "   27. Symmetry mean\n",
    "   28. Symmetry SE\n",
    "   29. Symmetry worst\n",
    "   30. Fractal dimension mean\n",
    "   31. Fractal dimension SE\n",
    "   32. Fractal dimension worst"
   ]
  },
  {
   "cell_type": "markdown",
   "metadata": {},
   "source": [
    "The column names are taken from the dataset info file. \n",
    "\n",
    "For more information check out the information file:\n",
    "\n",
    "`../assets/datasets/wdbc.names`\n",
    "\n",
    "You can open it with a text editor of your choice.\n",
    "\n",
    "Create an array with the column names and assign them as the header when loading the csv."
   ]
  },
  {
   "cell_type": "code",
   "execution_count": 3,
   "metadata": {
    "collapsed": false
   },
   "outputs": [],
   "source": [
    "column_names = ['id','malignant',\n",
    "                'nucleus_mean','nucleus_se','nucleus_worst',\n",
    "                'texture_mean','texture_se','texture_worst',\n",
    "                'perimeter_mean','perimeter_se','perimeter_worst',\n",
    "                'area_mean','area_se','area_worst',\n",
    "                'smoothness_mean','smoothness_se','smoothness_worst',\n",
    "                'compactness_mean','compactness_se','compactness_worst',\n",
    "                'concavity_mean','concavity_se','concavity_worst',\n",
    "                'concave_pts_mean','concave_pts_se','concave_pts_worst',\n",
    "                'symmetry_mean','symmetry_se','symmetry_worst',\n",
    "                'fractal_dim_mean','fractal_dim_se','fractal_dim_worst']\n",
    "\n",
    "bcw.columns = column_names"
   ]
  },
  {
   "cell_type": "markdown",
   "metadata": {},
   "source": [
    "### 2. Check out the dataset information\n",
    "\n",
    "Print out the head and the datatypes."
   ]
  },
  {
   "cell_type": "code",
   "execution_count": 4,
   "metadata": {
    "collapsed": false
   },
   "outputs": [
    {
     "data": {
      "text/html": [
       "<div>\n",
       "<table border=\"1\" class=\"dataframe\">\n",
       "  <thead>\n",
       "    <tr style=\"text-align: right;\">\n",
       "      <th></th>\n",
       "      <th>id</th>\n",
       "      <th>malignant</th>\n",
       "      <th>nucleus_mean</th>\n",
       "      <th>nucleus_se</th>\n",
       "      <th>nucleus_worst</th>\n",
       "      <th>texture_mean</th>\n",
       "      <th>texture_se</th>\n",
       "      <th>texture_worst</th>\n",
       "      <th>perimeter_mean</th>\n",
       "      <th>perimeter_se</th>\n",
       "      <th>...</th>\n",
       "      <th>concavity_worst</th>\n",
       "      <th>concave_pts_mean</th>\n",
       "      <th>concave_pts_se</th>\n",
       "      <th>concave_pts_worst</th>\n",
       "      <th>symmetry_mean</th>\n",
       "      <th>symmetry_se</th>\n",
       "      <th>symmetry_worst</th>\n",
       "      <th>fractal_dim_mean</th>\n",
       "      <th>fractal_dim_se</th>\n",
       "      <th>fractal_dim_worst</th>\n",
       "    </tr>\n",
       "  </thead>\n",
       "  <tbody>\n",
       "    <tr>\n",
       "      <th>0</th>\n",
       "      <td>842302</td>\n",
       "      <td>M</td>\n",
       "      <td>17.99</td>\n",
       "      <td>10.38</td>\n",
       "      <td>122.80</td>\n",
       "      <td>1001.0</td>\n",
       "      <td>0.11840</td>\n",
       "      <td>0.27760</td>\n",
       "      <td>0.3001</td>\n",
       "      <td>0.14710</td>\n",
       "      <td>...</td>\n",
       "      <td>25.38</td>\n",
       "      <td>17.33</td>\n",
       "      <td>184.60</td>\n",
       "      <td>2019.0</td>\n",
       "      <td>0.1622</td>\n",
       "      <td>0.6656</td>\n",
       "      <td>0.7119</td>\n",
       "      <td>0.2654</td>\n",
       "      <td>0.4601</td>\n",
       "      <td>0.11890</td>\n",
       "    </tr>\n",
       "    <tr>\n",
       "      <th>1</th>\n",
       "      <td>842517</td>\n",
       "      <td>M</td>\n",
       "      <td>20.57</td>\n",
       "      <td>17.77</td>\n",
       "      <td>132.90</td>\n",
       "      <td>1326.0</td>\n",
       "      <td>0.08474</td>\n",
       "      <td>0.07864</td>\n",
       "      <td>0.0869</td>\n",
       "      <td>0.07017</td>\n",
       "      <td>...</td>\n",
       "      <td>24.99</td>\n",
       "      <td>23.41</td>\n",
       "      <td>158.80</td>\n",
       "      <td>1956.0</td>\n",
       "      <td>0.1238</td>\n",
       "      <td>0.1866</td>\n",
       "      <td>0.2416</td>\n",
       "      <td>0.1860</td>\n",
       "      <td>0.2750</td>\n",
       "      <td>0.08902</td>\n",
       "    </tr>\n",
       "    <tr>\n",
       "      <th>2</th>\n",
       "      <td>84300903</td>\n",
       "      <td>M</td>\n",
       "      <td>19.69</td>\n",
       "      <td>21.25</td>\n",
       "      <td>130.00</td>\n",
       "      <td>1203.0</td>\n",
       "      <td>0.10960</td>\n",
       "      <td>0.15990</td>\n",
       "      <td>0.1974</td>\n",
       "      <td>0.12790</td>\n",
       "      <td>...</td>\n",
       "      <td>23.57</td>\n",
       "      <td>25.53</td>\n",
       "      <td>152.50</td>\n",
       "      <td>1709.0</td>\n",
       "      <td>0.1444</td>\n",
       "      <td>0.4245</td>\n",
       "      <td>0.4504</td>\n",
       "      <td>0.2430</td>\n",
       "      <td>0.3613</td>\n",
       "      <td>0.08758</td>\n",
       "    </tr>\n",
       "    <tr>\n",
       "      <th>3</th>\n",
       "      <td>84348301</td>\n",
       "      <td>M</td>\n",
       "      <td>11.42</td>\n",
       "      <td>20.38</td>\n",
       "      <td>77.58</td>\n",
       "      <td>386.1</td>\n",
       "      <td>0.14250</td>\n",
       "      <td>0.28390</td>\n",
       "      <td>0.2414</td>\n",
       "      <td>0.10520</td>\n",
       "      <td>...</td>\n",
       "      <td>14.91</td>\n",
       "      <td>26.50</td>\n",
       "      <td>98.87</td>\n",
       "      <td>567.7</td>\n",
       "      <td>0.2098</td>\n",
       "      <td>0.8663</td>\n",
       "      <td>0.6869</td>\n",
       "      <td>0.2575</td>\n",
       "      <td>0.6638</td>\n",
       "      <td>0.17300</td>\n",
       "    </tr>\n",
       "    <tr>\n",
       "      <th>4</th>\n",
       "      <td>84358402</td>\n",
       "      <td>M</td>\n",
       "      <td>20.29</td>\n",
       "      <td>14.34</td>\n",
       "      <td>135.10</td>\n",
       "      <td>1297.0</td>\n",
       "      <td>0.10030</td>\n",
       "      <td>0.13280</td>\n",
       "      <td>0.1980</td>\n",
       "      <td>0.10430</td>\n",
       "      <td>...</td>\n",
       "      <td>22.54</td>\n",
       "      <td>16.67</td>\n",
       "      <td>152.20</td>\n",
       "      <td>1575.0</td>\n",
       "      <td>0.1374</td>\n",
       "      <td>0.2050</td>\n",
       "      <td>0.4000</td>\n",
       "      <td>0.1625</td>\n",
       "      <td>0.2364</td>\n",
       "      <td>0.07678</td>\n",
       "    </tr>\n",
       "  </tbody>\n",
       "</table>\n",
       "<p>5 rows × 32 columns</p>\n",
       "</div>"
      ],
      "text/plain": [
       "         id malignant  nucleus_mean  nucleus_se  nucleus_worst  texture_mean  \\\n",
       "0    842302         M         17.99       10.38         122.80        1001.0   \n",
       "1    842517         M         20.57       17.77         132.90        1326.0   \n",
       "2  84300903         M         19.69       21.25         130.00        1203.0   \n",
       "3  84348301         M         11.42       20.38          77.58         386.1   \n",
       "4  84358402         M         20.29       14.34         135.10        1297.0   \n",
       "\n",
       "   texture_se  texture_worst  perimeter_mean  perimeter_se        ...          \\\n",
       "0     0.11840        0.27760          0.3001       0.14710        ...           \n",
       "1     0.08474        0.07864          0.0869       0.07017        ...           \n",
       "2     0.10960        0.15990          0.1974       0.12790        ...           \n",
       "3     0.14250        0.28390          0.2414       0.10520        ...           \n",
       "4     0.10030        0.13280          0.1980       0.10430        ...           \n",
       "\n",
       "   concavity_worst  concave_pts_mean  concave_pts_se  concave_pts_worst  \\\n",
       "0            25.38             17.33          184.60             2019.0   \n",
       "1            24.99             23.41          158.80             1956.0   \n",
       "2            23.57             25.53          152.50             1709.0   \n",
       "3            14.91             26.50           98.87              567.7   \n",
       "4            22.54             16.67          152.20             1575.0   \n",
       "\n",
       "   symmetry_mean  symmetry_se  symmetry_worst  fractal_dim_mean  \\\n",
       "0         0.1622       0.6656          0.7119            0.2654   \n",
       "1         0.1238       0.1866          0.2416            0.1860   \n",
       "2         0.1444       0.4245          0.4504            0.2430   \n",
       "3         0.2098       0.8663          0.6869            0.2575   \n",
       "4         0.1374       0.2050          0.4000            0.1625   \n",
       "\n",
       "   fractal_dim_se  fractal_dim_worst  \n",
       "0          0.4601            0.11890  \n",
       "1          0.2750            0.08902  \n",
       "2          0.3613            0.08758  \n",
       "3          0.6638            0.17300  \n",
       "4          0.2364            0.07678  \n",
       "\n",
       "[5 rows x 32 columns]"
      ]
     },
     "execution_count": 4,
     "metadata": {},
     "output_type": "execute_result"
    }
   ],
   "source": [
    "bcw.head()"
   ]
  },
  {
   "cell_type": "code",
   "execution_count": 5,
   "metadata": {
    "collapsed": false
   },
   "outputs": [
    {
     "data": {
      "text/plain": [
       "id                     int64\n",
       "malignant             object\n",
       "nucleus_mean         float64\n",
       "nucleus_se           float64\n",
       "nucleus_worst        float64\n",
       "texture_mean         float64\n",
       "texture_se           float64\n",
       "texture_worst        float64\n",
       "perimeter_mean       float64\n",
       "perimeter_se         float64\n",
       "perimeter_worst      float64\n",
       "area_mean            float64\n",
       "area_se              float64\n",
       "area_worst           float64\n",
       "smoothness_mean      float64\n",
       "smoothness_se        float64\n",
       "smoothness_worst     float64\n",
       "compactness_mean     float64\n",
       "compactness_se       float64\n",
       "compactness_worst    float64\n",
       "concavity_mean       float64\n",
       "concavity_se         float64\n",
       "concavity_worst      float64\n",
       "concave_pts_mean     float64\n",
       "concave_pts_se       float64\n",
       "concave_pts_worst    float64\n",
       "symmetry_mean        float64\n",
       "symmetry_se          float64\n",
       "symmetry_worst       float64\n",
       "fractal_dim_mean     float64\n",
       "fractal_dim_se       float64\n",
       "fractal_dim_worst    float64\n",
       "dtype: object"
      ]
     },
     "execution_count": 5,
     "metadata": {},
     "output_type": "execute_result"
    }
   ],
   "source": [
    "bcw.dtypes"
   ]
  },
  {
   "cell_type": "markdown",
   "metadata": {},
   "source": [
    "### 2.4 Recode the class field to be 0 vs. 1\n",
    "\n",
    "The malignant class field is coded as \"B\" for benign and \"M\" as malignant. \n",
    "\n",
    "It is best to recode this to a binary integer for classification, with \"1\" as malign and \"0\" as benign (malign is assigned to 1 because our goal is to predict malign tumors with the data)."
   ]
  },
  {
   "cell_type": "code",
   "execution_count": 6,
   "metadata": {
    "collapsed": true
   },
   "outputs": [],
   "source": [
    "bcw['malignant'] = bcw['malignant'].map(lambda x: 0 if x == \"B\" else 1)"
   ]
  },
  {
   "cell_type": "code",
   "execution_count": 7,
   "metadata": {
    "collapsed": false
   },
   "outputs": [
    {
     "name": "stdout",
     "output_type": "stream",
     "text": [
      "int64\n"
     ]
    }
   ],
   "source": [
    "print bcw.malignant.dtype"
   ]
  },
  {
   "cell_type": "markdown",
   "metadata": {},
   "source": [
    "## 3. Break up the data and look at correlations\n",
    "\n",
    "Split up the data into 3 datasets for the \"mean\", \"standard error\", and \"worst\" statistics on each predictor variable.\n",
    "\n",
    "---\n",
    "\n",
    "NOTE: The difference between standard error and standard deviation is subtle:\n",
    "\n",
    "A new observation has about a 95% chance to be within **2 standard deviations** of the sample mean.\n",
    "\n",
    "The sample mean has about a 95% chance to be within **2 standard errors** of the real population mean.\n"
   ]
  },
  {
   "cell_type": "code",
   "execution_count": 8,
   "metadata": {
    "collapsed": false
   },
   "outputs": [],
   "source": [
    "# A function that subsets the data to the columns indicating the\n",
    "# mean, se, or wrong variable types\n",
    "def df_subsetter(df, suffix):\n",
    "    column_select = [x for x in bcw.columns if suffix in x]\n",
    "    bcw_subset = bcw[['id','malignant'] + column_select]\n",
    "    bcw_subset.columns = [x.replace(suffix, '') for x in bcw_subset.columns]\n",
    "    return bcw_subset\n",
    "\n",
    "bcw_mean = df_subsetter(bcw, '_mean')\n",
    "bcw_se = df_subsetter(bcw, '_se')\n",
    "bcw_worst = df_subsetter(bcw, '_worst')\n"
   ]
  },
  {
   "cell_type": "code",
   "execution_count": 12,
   "metadata": {
    "collapsed": false
   },
   "outputs": [
    {
     "data": {
      "text/html": [
       "<div>\n",
       "<table border=\"1\" class=\"dataframe\">\n",
       "  <thead>\n",
       "    <tr style=\"text-align: right;\">\n",
       "      <th></th>\n",
       "      <th>id</th>\n",
       "      <th>malignant</th>\n",
       "      <th>nucleus</th>\n",
       "      <th>texture</th>\n",
       "      <th>perimeter</th>\n",
       "      <th>area</th>\n",
       "      <th>smoothness</th>\n",
       "      <th>compactness</th>\n",
       "      <th>concavity</th>\n",
       "      <th>concave_pts</th>\n",
       "      <th>symmetry</th>\n",
       "      <th>fractal_dim</th>\n",
       "    </tr>\n",
       "  </thead>\n",
       "  <tbody>\n",
       "    <tr>\n",
       "      <th>0</th>\n",
       "      <td>842302</td>\n",
       "      <td>1</td>\n",
       "      <td>17.99</td>\n",
       "      <td>1001.0</td>\n",
       "      <td>0.3001</td>\n",
       "      <td>0.07871</td>\n",
       "      <td>8.589</td>\n",
       "      <td>0.04904</td>\n",
       "      <td>0.03003</td>\n",
       "      <td>17.33</td>\n",
       "      <td>0.1622</td>\n",
       "      <td>0.2654</td>\n",
       "    </tr>\n",
       "    <tr>\n",
       "      <th>1</th>\n",
       "      <td>842517</td>\n",
       "      <td>1</td>\n",
       "      <td>20.57</td>\n",
       "      <td>1326.0</td>\n",
       "      <td>0.0869</td>\n",
       "      <td>0.05667</td>\n",
       "      <td>3.398</td>\n",
       "      <td>0.01308</td>\n",
       "      <td>0.01389</td>\n",
       "      <td>23.41</td>\n",
       "      <td>0.1238</td>\n",
       "      <td>0.1860</td>\n",
       "    </tr>\n",
       "    <tr>\n",
       "      <th>2</th>\n",
       "      <td>84300903</td>\n",
       "      <td>1</td>\n",
       "      <td>19.69</td>\n",
       "      <td>1203.0</td>\n",
       "      <td>0.1974</td>\n",
       "      <td>0.05999</td>\n",
       "      <td>4.585</td>\n",
       "      <td>0.04006</td>\n",
       "      <td>0.02250</td>\n",
       "      <td>25.53</td>\n",
       "      <td>0.1444</td>\n",
       "      <td>0.2430</td>\n",
       "    </tr>\n",
       "    <tr>\n",
       "      <th>3</th>\n",
       "      <td>84348301</td>\n",
       "      <td>1</td>\n",
       "      <td>11.42</td>\n",
       "      <td>386.1</td>\n",
       "      <td>0.2414</td>\n",
       "      <td>0.09744</td>\n",
       "      <td>3.445</td>\n",
       "      <td>0.07458</td>\n",
       "      <td>0.05963</td>\n",
       "      <td>26.50</td>\n",
       "      <td>0.2098</td>\n",
       "      <td>0.2575</td>\n",
       "    </tr>\n",
       "    <tr>\n",
       "      <th>4</th>\n",
       "      <td>84358402</td>\n",
       "      <td>1</td>\n",
       "      <td>20.29</td>\n",
       "      <td>1297.0</td>\n",
       "      <td>0.1980</td>\n",
       "      <td>0.05883</td>\n",
       "      <td>5.438</td>\n",
       "      <td>0.02461</td>\n",
       "      <td>0.01756</td>\n",
       "      <td>16.67</td>\n",
       "      <td>0.1374</td>\n",
       "      <td>0.1625</td>\n",
       "    </tr>\n",
       "  </tbody>\n",
       "</table>\n",
       "</div>"
      ],
      "text/plain": [
       "         id  malignant  nucleus  texture  perimeter     area  smoothness  \\\n",
       "0    842302          1    17.99   1001.0     0.3001  0.07871       8.589   \n",
       "1    842517          1    20.57   1326.0     0.0869  0.05667       3.398   \n",
       "2  84300903          1    19.69   1203.0     0.1974  0.05999       4.585   \n",
       "3  84348301          1    11.42    386.1     0.2414  0.09744       3.445   \n",
       "4  84358402          1    20.29   1297.0     0.1980  0.05883       5.438   \n",
       "\n",
       "   compactness  concavity  concave_pts  symmetry  fractal_dim  \n",
       "0      0.04904    0.03003        17.33    0.1622       0.2654  \n",
       "1      0.01308    0.01389        23.41    0.1238       0.1860  \n",
       "2      0.04006    0.02250        25.53    0.1444       0.2430  \n",
       "3      0.07458    0.05963        26.50    0.2098       0.2575  \n",
       "4      0.02461    0.01756        16.67    0.1374       0.1625  "
      ]
     },
     "execution_count": 12,
     "metadata": {},
     "output_type": "execute_result"
    }
   ],
   "source": [
    "bcw_mean.head()"
   ]
  },
  {
   "cell_type": "markdown",
   "metadata": {},
   "source": [
    "### 3.1 Examine correlation matrices for the 3 datasets\n",
    "\n",
    "Look at the correlations between variables for each of the subset datasets, excluding the id column.\n",
    "\n",
    "1. The mean columns subset\n",
    "2. The standard error columns subset\n",
    "3. The \"worst value\" columns subset"
   ]
  },
  {
   "cell_type": "code",
   "execution_count": 9,
   "metadata": {
    "collapsed": false
   },
   "outputs": [
    {
     "data": {
      "text/html": [
       "<div>\n",
       "<table border=\"1\" class=\"dataframe\">\n",
       "  <thead>\n",
       "    <tr style=\"text-align: right;\">\n",
       "      <th></th>\n",
       "      <th>malignant</th>\n",
       "      <th>nucleus</th>\n",
       "      <th>texture</th>\n",
       "      <th>perimeter</th>\n",
       "      <th>area</th>\n",
       "      <th>smoothness</th>\n",
       "      <th>compactness</th>\n",
       "      <th>concavity</th>\n",
       "      <th>concave_pts</th>\n",
       "      <th>symmetry</th>\n",
       "      <th>fractal_dim</th>\n",
       "    </tr>\n",
       "  </thead>\n",
       "  <tbody>\n",
       "    <tr>\n",
       "      <th>malignant</th>\n",
       "      <td>1.000000</td>\n",
       "      <td>0.730029</td>\n",
       "      <td>0.708984</td>\n",
       "      <td>0.696360</td>\n",
       "      <td>-0.012838</td>\n",
       "      <td>0.556141</td>\n",
       "      <td>0.292999</td>\n",
       "      <td>-0.006522</td>\n",
       "      <td>0.456903</td>\n",
       "      <td>0.421465</td>\n",
       "      <td>0.793566</td>\n",
       "    </tr>\n",
       "    <tr>\n",
       "      <th>nucleus</th>\n",
       "      <td>0.730029</td>\n",
       "      <td>1.000000</td>\n",
       "      <td>0.987357</td>\n",
       "      <td>0.676764</td>\n",
       "      <td>-0.311631</td>\n",
       "      <td>0.674172</td>\n",
       "      <td>0.206000</td>\n",
       "      <td>-0.104321</td>\n",
       "      <td>0.297008</td>\n",
       "      <td>0.119616</td>\n",
       "      <td>0.744214</td>\n",
       "    </tr>\n",
       "    <tr>\n",
       "      <th>texture</th>\n",
       "      <td>0.708984</td>\n",
       "      <td>0.987357</td>\n",
       "      <td>1.000000</td>\n",
       "      <td>0.685983</td>\n",
       "      <td>-0.283110</td>\n",
       "      <td>0.726628</td>\n",
       "      <td>0.212583</td>\n",
       "      <td>-0.072497</td>\n",
       "      <td>0.287489</td>\n",
       "      <td>0.123523</td>\n",
       "      <td>0.722017</td>\n",
       "    </tr>\n",
       "    <tr>\n",
       "      <th>perimeter</th>\n",
       "      <td>0.696360</td>\n",
       "      <td>0.676764</td>\n",
       "      <td>0.685983</td>\n",
       "      <td>1.000000</td>\n",
       "      <td>0.336783</td>\n",
       "      <td>0.660391</td>\n",
       "      <td>0.670279</td>\n",
       "      <td>0.178009</td>\n",
       "      <td>0.299879</td>\n",
       "      <td>0.448822</td>\n",
       "      <td>0.861323</td>\n",
       "    </tr>\n",
       "    <tr>\n",
       "      <th>area</th>\n",
       "      <td>-0.012838</td>\n",
       "      <td>-0.311631</td>\n",
       "      <td>-0.283110</td>\n",
       "      <td>0.336783</td>\n",
       "      <td>1.000000</td>\n",
       "      <td>0.039830</td>\n",
       "      <td>0.559837</td>\n",
       "      <td>0.345007</td>\n",
       "      <td>-0.051269</td>\n",
       "      <td>0.504942</td>\n",
       "      <td>0.175325</td>\n",
       "    </tr>\n",
       "    <tr>\n",
       "      <th>smoothness</th>\n",
       "      <td>0.556141</td>\n",
       "      <td>0.674172</td>\n",
       "      <td>0.726628</td>\n",
       "      <td>0.660391</td>\n",
       "      <td>0.039830</td>\n",
       "      <td>1.000000</td>\n",
       "      <td>0.416322</td>\n",
       "      <td>0.266487</td>\n",
       "      <td>0.200371</td>\n",
       "      <td>0.130054</td>\n",
       "      <td>0.554897</td>\n",
       "    </tr>\n",
       "    <tr>\n",
       "      <th>compactness</th>\n",
       "      <td>0.292999</td>\n",
       "      <td>0.206000</td>\n",
       "      <td>0.212583</td>\n",
       "      <td>0.670279</td>\n",
       "      <td>0.559837</td>\n",
       "      <td>0.416322</td>\n",
       "      <td>1.000000</td>\n",
       "      <td>0.394713</td>\n",
       "      <td>0.143003</td>\n",
       "      <td>0.227394</td>\n",
       "      <td>0.483208</td>\n",
       "    </tr>\n",
       "    <tr>\n",
       "      <th>concavity</th>\n",
       "      <td>-0.006522</td>\n",
       "      <td>-0.104321</td>\n",
       "      <td>-0.072497</td>\n",
       "      <td>0.178009</td>\n",
       "      <td>0.345007</td>\n",
       "      <td>0.266487</td>\n",
       "      <td>0.394713</td>\n",
       "      <td>1.000000</td>\n",
       "      <td>-0.077473</td>\n",
       "      <td>-0.012662</td>\n",
       "      <td>-0.030413</td>\n",
       "    </tr>\n",
       "    <tr>\n",
       "      <th>concave_pts</th>\n",
       "      <td>0.456903</td>\n",
       "      <td>0.297008</td>\n",
       "      <td>0.287489</td>\n",
       "      <td>0.299879</td>\n",
       "      <td>-0.051269</td>\n",
       "      <td>0.200371</td>\n",
       "      <td>0.143003</td>\n",
       "      <td>-0.077473</td>\n",
       "      <td>1.000000</td>\n",
       "      <td>0.225429</td>\n",
       "      <td>0.359755</td>\n",
       "    </tr>\n",
       "    <tr>\n",
       "      <th>symmetry</th>\n",
       "      <td>0.421465</td>\n",
       "      <td>0.119616</td>\n",
       "      <td>0.123523</td>\n",
       "      <td>0.448822</td>\n",
       "      <td>0.504942</td>\n",
       "      <td>0.130054</td>\n",
       "      <td>0.227394</td>\n",
       "      <td>-0.012662</td>\n",
       "      <td>0.225429</td>\n",
       "      <td>1.000000</td>\n",
       "      <td>0.547691</td>\n",
       "    </tr>\n",
       "    <tr>\n",
       "      <th>fractal_dim</th>\n",
       "      <td>0.793566</td>\n",
       "      <td>0.744214</td>\n",
       "      <td>0.722017</td>\n",
       "      <td>0.861323</td>\n",
       "      <td>0.175325</td>\n",
       "      <td>0.554897</td>\n",
       "      <td>0.483208</td>\n",
       "      <td>-0.030413</td>\n",
       "      <td>0.359755</td>\n",
       "      <td>0.547691</td>\n",
       "      <td>1.000000</td>\n",
       "    </tr>\n",
       "  </tbody>\n",
       "</table>\n",
       "</div>"
      ],
      "text/plain": [
       "             malignant   nucleus   texture  perimeter      area  smoothness  \\\n",
       "malignant     1.000000  0.730029  0.708984   0.696360 -0.012838    0.556141   \n",
       "nucleus       0.730029  1.000000  0.987357   0.676764 -0.311631    0.674172   \n",
       "texture       0.708984  0.987357  1.000000   0.685983 -0.283110    0.726628   \n",
       "perimeter     0.696360  0.676764  0.685983   1.000000  0.336783    0.660391   \n",
       "area         -0.012838 -0.311631 -0.283110   0.336783  1.000000    0.039830   \n",
       "smoothness    0.556141  0.674172  0.726628   0.660391  0.039830    1.000000   \n",
       "compactness   0.292999  0.206000  0.212583   0.670279  0.559837    0.416322   \n",
       "concavity    -0.006522 -0.104321 -0.072497   0.178009  0.345007    0.266487   \n",
       "concave_pts   0.456903  0.297008  0.287489   0.299879 -0.051269    0.200371   \n",
       "symmetry      0.421465  0.119616  0.123523   0.448822  0.504942    0.130054   \n",
       "fractal_dim   0.793566  0.744214  0.722017   0.861323  0.175325    0.554897   \n",
       "\n",
       "             compactness  concavity  concave_pts  symmetry  fractal_dim  \n",
       "malignant       0.292999  -0.006522     0.456903  0.421465     0.793566  \n",
       "nucleus         0.206000  -0.104321     0.297008  0.119616     0.744214  \n",
       "texture         0.212583  -0.072497     0.287489  0.123523     0.722017  \n",
       "perimeter       0.670279   0.178009     0.299879  0.448822     0.861323  \n",
       "area            0.559837   0.345007    -0.051269  0.504942     0.175325  \n",
       "smoothness      0.416322   0.266487     0.200371  0.130054     0.554897  \n",
       "compactness     1.000000   0.394713     0.143003  0.227394     0.483208  \n",
       "concavity       0.394713   1.000000    -0.077473 -0.012662    -0.030413  \n",
       "concave_pts     0.143003  -0.077473     1.000000  0.225429     0.359755  \n",
       "symmetry        0.227394  -0.012662     0.225429  1.000000     0.547691  \n",
       "fractal_dim     0.483208  -0.030413     0.359755  0.547691     1.000000  "
      ]
     },
     "execution_count": 9,
     "metadata": {},
     "output_type": "execute_result"
    }
   ],
   "source": [
    "bcw_mean[[x for x in bcw_mean.columns if x not in 'id']].corr()"
   ]
  },
  {
   "cell_type": "code",
   "execution_count": 10,
   "metadata": {
    "collapsed": false
   },
   "outputs": [
    {
     "data": {
      "text/html": [
       "<div>\n",
       "<table border=\"1\" class=\"dataframe\">\n",
       "  <thead>\n",
       "    <tr style=\"text-align: right;\">\n",
       "      <th></th>\n",
       "      <th>malignant</th>\n",
       "      <th>nucleus</th>\n",
       "      <th>texture</th>\n",
       "      <th>perimeter</th>\n",
       "      <th>area</th>\n",
       "      <th>smoothness</th>\n",
       "      <th>compactness</th>\n",
       "      <th>concavity</th>\n",
       "      <th>concave_pts</th>\n",
       "      <th>symmetry</th>\n",
       "      <th>fractal_dim</th>\n",
       "    </tr>\n",
       "  </thead>\n",
       "  <tbody>\n",
       "    <tr>\n",
       "      <th>malignant</th>\n",
       "      <td>1.000000</td>\n",
       "      <td>0.415185</td>\n",
       "      <td>0.358560</td>\n",
       "      <td>0.776614</td>\n",
       "      <td>0.567134</td>\n",
       "      <td>0.548236</td>\n",
       "      <td>0.253730</td>\n",
       "      <td>0.077972</td>\n",
       "      <td>0.782914</td>\n",
       "      <td>0.590998</td>\n",
       "      <td>0.416294</td>\n",
       "    </tr>\n",
       "    <tr>\n",
       "      <th>nucleus</th>\n",
       "      <td>0.415185</td>\n",
       "      <td>1.000000</td>\n",
       "      <td>-0.023389</td>\n",
       "      <td>0.293464</td>\n",
       "      <td>0.275869</td>\n",
       "      <td>0.259845</td>\n",
       "      <td>0.143293</td>\n",
       "      <td>0.054458</td>\n",
       "      <td>0.358040</td>\n",
       "      <td>0.277830</td>\n",
       "      <td>0.105008</td>\n",
       "    </tr>\n",
       "    <tr>\n",
       "      <th>texture</th>\n",
       "      <td>0.358560</td>\n",
       "      <td>-0.023389</td>\n",
       "      <td>1.000000</td>\n",
       "      <td>0.553695</td>\n",
       "      <td>0.301467</td>\n",
       "      <td>0.246552</td>\n",
       "      <td>0.248396</td>\n",
       "      <td>0.283607</td>\n",
       "      <td>0.238853</td>\n",
       "      <td>0.472468</td>\n",
       "      <td>0.394309</td>\n",
       "    </tr>\n",
       "    <tr>\n",
       "      <th>perimeter</th>\n",
       "      <td>0.776614</td>\n",
       "      <td>0.293464</td>\n",
       "      <td>0.553695</td>\n",
       "      <td>1.000000</td>\n",
       "      <td>0.698050</td>\n",
       "      <td>0.690299</td>\n",
       "      <td>0.439167</td>\n",
       "      <td>0.257584</td>\n",
       "      <td>0.855923</td>\n",
       "      <td>0.667454</td>\n",
       "      <td>0.375744</td>\n",
       "    </tr>\n",
       "    <tr>\n",
       "      <th>area</th>\n",
       "      <td>0.567134</td>\n",
       "      <td>0.275869</td>\n",
       "      <td>0.301467</td>\n",
       "      <td>0.698050</td>\n",
       "      <td>1.000000</td>\n",
       "      <td>0.951830</td>\n",
       "      <td>0.332358</td>\n",
       "      <td>0.227754</td>\n",
       "      <td>0.719684</td>\n",
       "      <td>0.287103</td>\n",
       "      <td>0.094543</td>\n",
       "    </tr>\n",
       "    <tr>\n",
       "      <th>smoothness</th>\n",
       "      <td>0.548236</td>\n",
       "      <td>0.259845</td>\n",
       "      <td>0.246552</td>\n",
       "      <td>0.690299</td>\n",
       "      <td>0.951830</td>\n",
       "      <td>1.000000</td>\n",
       "      <td>0.270895</td>\n",
       "      <td>0.127071</td>\n",
       "      <td>0.761213</td>\n",
       "      <td>0.283257</td>\n",
       "      <td>0.074126</td>\n",
       "    </tr>\n",
       "    <tr>\n",
       "      <th>compactness</th>\n",
       "      <td>0.253730</td>\n",
       "      <td>0.143293</td>\n",
       "      <td>0.248396</td>\n",
       "      <td>0.439167</td>\n",
       "      <td>0.332358</td>\n",
       "      <td>0.270895</td>\n",
       "      <td>1.000000</td>\n",
       "      <td>0.727372</td>\n",
       "      <td>0.226680</td>\n",
       "      <td>0.484858</td>\n",
       "      <td>0.197788</td>\n",
       "    </tr>\n",
       "    <tr>\n",
       "      <th>concavity</th>\n",
       "      <td>0.077972</td>\n",
       "      <td>0.054458</td>\n",
       "      <td>0.283607</td>\n",
       "      <td>0.257584</td>\n",
       "      <td>0.227754</td>\n",
       "      <td>0.127071</td>\n",
       "      <td>0.727372</td>\n",
       "      <td>1.000000</td>\n",
       "      <td>-0.001000</td>\n",
       "      <td>0.390159</td>\n",
       "      <td>0.111094</td>\n",
       "    </tr>\n",
       "    <tr>\n",
       "      <th>concave_pts</th>\n",
       "      <td>0.782914</td>\n",
       "      <td>0.358040</td>\n",
       "      <td>0.238853</td>\n",
       "      <td>0.855923</td>\n",
       "      <td>0.719684</td>\n",
       "      <td>0.761213</td>\n",
       "      <td>0.226680</td>\n",
       "      <td>-0.001000</td>\n",
       "      <td>1.000000</td>\n",
       "      <td>0.529408</td>\n",
       "      <td>0.269493</td>\n",
       "    </tr>\n",
       "    <tr>\n",
       "      <th>symmetry</th>\n",
       "      <td>0.590998</td>\n",
       "      <td>0.277830</td>\n",
       "      <td>0.472468</td>\n",
       "      <td>0.667454</td>\n",
       "      <td>0.287103</td>\n",
       "      <td>0.283257</td>\n",
       "      <td>0.484858</td>\n",
       "      <td>0.390159</td>\n",
       "      <td>0.529408</td>\n",
       "      <td>1.000000</td>\n",
       "      <td>0.614441</td>\n",
       "    </tr>\n",
       "    <tr>\n",
       "      <th>fractal_dim</th>\n",
       "      <td>0.416294</td>\n",
       "      <td>0.105008</td>\n",
       "      <td>0.394309</td>\n",
       "      <td>0.375744</td>\n",
       "      <td>0.094543</td>\n",
       "      <td>0.074126</td>\n",
       "      <td>0.197788</td>\n",
       "      <td>0.111094</td>\n",
       "      <td>0.269493</td>\n",
       "      <td>0.614441</td>\n",
       "      <td>1.000000</td>\n",
       "    </tr>\n",
       "  </tbody>\n",
       "</table>\n",
       "</div>"
      ],
      "text/plain": [
       "             malignant   nucleus   texture  perimeter      area  smoothness  \\\n",
       "malignant     1.000000  0.415185  0.358560   0.776614  0.567134    0.548236   \n",
       "nucleus       0.415185  1.000000 -0.023389   0.293464  0.275869    0.259845   \n",
       "texture       0.358560 -0.023389  1.000000   0.553695  0.301467    0.246552   \n",
       "perimeter     0.776614  0.293464  0.553695   1.000000  0.698050    0.690299   \n",
       "area          0.567134  0.275869  0.301467   0.698050  1.000000    0.951830   \n",
       "smoothness    0.548236  0.259845  0.246552   0.690299  0.951830    1.000000   \n",
       "compactness   0.253730  0.143293  0.248396   0.439167  0.332358    0.270895   \n",
       "concavity     0.077972  0.054458  0.283607   0.257584  0.227754    0.127071   \n",
       "concave_pts   0.782914  0.358040  0.238853   0.855923  0.719684    0.761213   \n",
       "symmetry      0.590998  0.277830  0.472468   0.667454  0.287103    0.283257   \n",
       "fractal_dim   0.416294  0.105008  0.394309   0.375744  0.094543    0.074126   \n",
       "\n",
       "             compactness  concavity  concave_pts  symmetry  fractal_dim  \n",
       "malignant       0.253730   0.077972     0.782914  0.590998     0.416294  \n",
       "nucleus         0.143293   0.054458     0.358040  0.277830     0.105008  \n",
       "texture         0.248396   0.283607     0.238853  0.472468     0.394309  \n",
       "perimeter       0.439167   0.257584     0.855923  0.667454     0.375744  \n",
       "area            0.332358   0.227754     0.719684  0.287103     0.094543  \n",
       "smoothness      0.270895   0.127071     0.761213  0.283257     0.074126  \n",
       "compactness     1.000000   0.727372     0.226680  0.484858     0.197788  \n",
       "concavity       0.727372   1.000000    -0.001000  0.390159     0.111094  \n",
       "concave_pts     0.226680  -0.001000     1.000000  0.529408     0.269493  \n",
       "symmetry        0.484858   0.390159     0.529408  1.000000     0.614441  \n",
       "fractal_dim     0.197788   0.111094     0.269493  0.614441     1.000000  "
      ]
     },
     "execution_count": 10,
     "metadata": {},
     "output_type": "execute_result"
    }
   ],
   "source": [
    "bcw_se[[x for x in bcw_se.columns if x not in 'id']].corr()"
   ]
  },
  {
   "cell_type": "code",
   "execution_count": 11,
   "metadata": {
    "collapsed": false
   },
   "outputs": [
    {
     "data": {
      "text/html": [
       "<div>\n",
       "<table border=\"1\" class=\"dataframe\">\n",
       "  <thead>\n",
       "    <tr style=\"text-align: right;\">\n",
       "      <th></th>\n",
       "      <th>malignant</th>\n",
       "      <th>nucleus</th>\n",
       "      <th>texture</th>\n",
       "      <th>perimeter</th>\n",
       "      <th>area</th>\n",
       "      <th>smoothness</th>\n",
       "      <th>compactness</th>\n",
       "      <th>concavity</th>\n",
       "      <th>concave_pts</th>\n",
       "      <th>symmetry</th>\n",
       "      <th>fractal_dim</th>\n",
       "    </tr>\n",
       "  </thead>\n",
       "  <tbody>\n",
       "    <tr>\n",
       "      <th>malignant</th>\n",
       "      <td>1.000000</td>\n",
       "      <td>0.742636</td>\n",
       "      <td>0.596534</td>\n",
       "      <td>0.330499</td>\n",
       "      <td>-0.008303</td>\n",
       "      <td>-0.067016</td>\n",
       "      <td>0.408042</td>\n",
       "      <td>0.776454</td>\n",
       "      <td>0.733825</td>\n",
       "      <td>0.659610</td>\n",
       "      <td>0.323872</td>\n",
       "    </tr>\n",
       "    <tr>\n",
       "      <th>nucleus</th>\n",
       "      <td>0.742636</td>\n",
       "      <td>1.000000</td>\n",
       "      <td>0.556936</td>\n",
       "      <td>0.183027</td>\n",
       "      <td>-0.086761</td>\n",
       "      <td>-0.202694</td>\n",
       "      <td>0.407217</td>\n",
       "      <td>0.969476</td>\n",
       "      <td>0.941550</td>\n",
       "      <td>0.563879</td>\n",
       "      <td>0.051019</td>\n",
       "    </tr>\n",
       "    <tr>\n",
       "      <th>texture</th>\n",
       "      <td>0.596534</td>\n",
       "      <td>0.556936</td>\n",
       "      <td>1.000000</td>\n",
       "      <td>0.602641</td>\n",
       "      <td>0.046205</td>\n",
       "      <td>0.135299</td>\n",
       "      <td>0.642262</td>\n",
       "      <td>0.535315</td>\n",
       "      <td>0.509604</td>\n",
